00,0.00,124.81,1.92,1.95
0.00,0.00,124.78,1.92,1.95
0.00,0.00,124.81,1.93,1.99
0.00,0.00,124.73,1.93,2.00
0.00,0.00,124.75,1.89,1.98
0.00,0.00,124.77,1.87,2.02
0.00,0.00,124.79,1.88,2.03
0.00,0.00,124.80,1.89,2.01
0.00,0.00,124.85,1.88,2.02
0.00,0.00,124.87,1.91,1.99
0.00,0.00,124.91,1.92,2.00
0.00,0.00,124.86,1.90,2.01
0.00,0.00,124.89,1.91,2.00
0.00,0.00,124.93,1.91,1.96
0.00,0.00,124.89,1.90,1.95
0.00,0.00,124.89,1.90,1.95
0.00,0.00,124.94,1.91,1.94
0.00,0.00,124.95,1.87,1.94
0.00,0.00,124.95,1.88,1.93
0.00,0.00,124.96,1.89,1.92
0.00,0.00,124.99,1.87,1.94
0.00,0.00,125.00,1.88,1.94
0.00,0.00,125.03,1.87,1.93
0.00,0.00,125.03,1.88,1.95
0.00,0.00,124.99,1.89,1.94
0.00,0.00,125.02,1.85,1.91
0.00,0.00,124.98,1.86,1.90
0.00,0.00,125.03,1.87,1.90
0.00,0.00,125.05,1.90,1.87
0.00,0.00,124.98,1.91,1.90
0.00,0.00,125.00,1.92,1.92
0.00,0.00,124.99,1.92,1.94
0.00,0.00,125.02,1.93,1.96
0.00,0.00,125.02,1.98,2.00
0.00,0.00,125.05,1.98,1.97
0.00,0.00,125.08,1.96,1.96
0.00,0.00,125.10,1.93,1.97
0.00,0.00,125.13,1.94,1.93
0.00,0.00,125.14,1.94,1.95
0.00,0.00,125.12,1.92,1.96
0.00,0.00,125.16,1.92,1.96
0.00,0.00,125.15,1.90,1.97
0.00,0.00,125.19,1.89,1.96
0.00,0.00,125.20,1.87,1.95
0.00,0.00,125.23,1.88,1.94
0.00,0.00,125.24,1.86,1.96
0.00,0.00,125.24,1.85,1.97
0.00,0.00,125.26,1.89,1.99
0.00,0.00,125.24,1.92,1.95
0.00,0.00,125.25,1.92,1.92
0.00,0.00,125.23,1.92,1.94
0.00,0.00,125.25,1.93,1.96
0.00,0.00,125.26,1.93,1.97
0.00,0.00,125.14,1.89,2.01
0.00,0.00,125.14,1.85,1.97
0.00,0.00,125.06,1.91,2.01
0.00,0.00,125.08,1.89,2.01
0.00,0.00,125.09,1.94,2.00
0.00,0.00,125.14,1.97,1.99
0.00,0.00,125.13,1.97,1.98
0.00,0.00,125.16,1.97,1.97
0.00,0.00,125.16,1.95,1.96
0.00,0.00,125.17,1.97,1.97
0.00,0.00,125.20,1.97,1.96
1.98,1.00,124.96,2.46,1.20
-1.52,-2.31,125.34,-0.56,-0.89
1.98,1.00,125.18,-0.50,-1.46
1.36,0.00,125.58,-0.82,-1.47
-0.41,0.00,126.08,-0.94,-1.18
0.89,0.00,126.45,-0.12,-0.90
0.00,0.00,126.82,-0.91,-1.09
0.13,-0.45,127.04,-1.05,-1.09
0.00,0.00,127.39,-1.02,-1.13
-0.47,0.00,127.72,-0.53,-0.76
-0.54,0.00,128.09,1.60,-0.72
-1.02,-0.61,128.46,2.67,0.96
-0.90,0.00,128.53,7.89,2.15
-0.46,-0.43,128.27,7.86,1.68
-0.26,0.69,126.91,9.11,0.73
0.00,0.00,125.63,9.17,1.68
0.35,0.00,124.43,9.09,2.78
0.65,0.49,123.46,7.35,4.34
0.84,0.00,122.42,7.35,4.37
1.15,0.00,121.45,3.44,6.87
0.98,-0.42,120.58,3.39,7.40
0.86,0.00,119.77,-1.18,7.12
0.56,0.00,118.97,-5.03,6.33
0.33,0.00,118.27,-7.15,5.41
0.00,0.43,117.72,-7.25,4.65
-0.17,-0.50,117.42,-7.49,3.91
0.00,0.00,117.23,-7.28,3.37
0.00,0.00,117.10,-6.51,3.29
1.98,0.00,116.93,-5.70,2.88
0.44,0.95,117.09,-5.19,3.96
-0.37,0.00,117.45,-5.30,4.00
0.00,0.54,118.01,-2.84,4.41
-0.72,-0.41,118.96,-2.75,4.83
-0.76,-0.60,120.39,1.12,5.14
-0.71,0.00,121.66,4.33,5.81
-0.83,0.00,122.77,6.04,4.92
-0.62,0.00,123.56,8.29,4.59
-0.30,0.00,124.43,10.60,5.51
-0.30,0.45,124.87,11.12,4.21
-0.11,0.52,125.22,11.08,4.36
0.11,0.00,125.17,11.08,4.30
0.17,0.00,124.54,9.64,2.89
0.38,0.00,123.17,7.67,1.10
0.14,0.00,122.11,5.20,1.45
0.12,0.00,120.83,3.68,1.44
-0.15,0.00,119.54,3.11,1.22
-0.12,-0.69,118.20,3.65,1.01
-0.50,1.00,117.01,3.48,0.48
0.24,0.00,115.78,3.48,0.98
-0.33,0.00,115.29,2.64,2.14
-0.13,0.00,115.53,3.50,2.34
-0.40,0.00,116.10,3.86,2.34
-0.12,0.00,116.72,4.68,2.28
0.16,0.00,117.13,4.95,1.71
0.80,-0.60,117.19,3.46,2.13
0.44,-1.17,117.08,-0.79,0.21
0.86,0.00,117.14,-0.68,0.45
0.61,0.00,117.32,-1.59,0.85
0.26,0.47,117.41,-4.24,1.43
0.23,0.00,117.46,-4.18,1.61
0.10,0.37,117.43,-4.64,1.72
1.05,0.53,117.36,-4.52,1.50
0.00,0.00,117.08,-4.70,0.95
0.16,0.00,116.73,-4.81,1.60
0.35,0.44,116.74,-5.12,1.42
-0.22,0.00,116.93,-5.25,1.13
0.69,0.00,117.25,-4.18,0.58
0.49,0.00,117.48,-7.99,0.86
0.70,0.00,117.58,-8.46,0.71
0.87,0.00,118.00,-9.70,0.57
0.75,0.00,118.54,-12.19,0.10
0.35,0.38,119.18,-12.14,0.01
0.52,-0.40,119.85,-11.98,-0.19
0.59,0.00,120.78,-13.41,-0.82
-0.18,0.00,121.49,-13.94,-0.82
0.00,0.00,121.15,-12.23,0.47
-0.49,-0.67,119.99,-11.43,0.18
-0.92,0.00,118.30,-11.18,0.07
-0.72,0.00,117.01,-8.65,-0.83
-0.86,0.00,115.41,-5.99,-0.92
-1.57,0.76,114.00,-1.62,-1.63
-0.89,-0.47,112.51,-1.60,-2.42
-0.75,0.49,111.31,2.89,-1.37
-0.28,0.00,110.10,3.01,-1.37
0.16,0.69,108.95,4.06,-1.25
0.71,0.00,107.78,4.08,-1.05
0.59,-0.42,107.01,0.69,-0.59
0.15,-0.53,106.68,-1.19,-0.13
-0.91,0.00,106.85,-1.26,0.01
-0.76,-0.85,107.22,-1.75,-0.08
-0.55,0.00,107.68,0.84,0.51
0.10,0.00,108.27,3.03,0.79
0.26,0.00,108.87,2.15,0.45
0.73,-0.40,109.67,0.29,-1.50
0.96,0.00,110.89,-4.78,-4.59
0.42,0.88,112.26,-5.43,-4.74
0.75,0.00,113.76,-5.39,-4.82
0.89,-0.41,115.21,-5.17,-4.55
0.65,0.00,116.78,-9.39,-4.97
0.41,0.00,118.02,-11.60,-3.93
0.61,0.00,119.58,-11.95,-3.76
0.73,-1.64,120.89,-13.84,-2.68
0.45,0.63,122.85,-18.97,-4.54
0.29,-0.67,124.24,-18.87,-4.63
0.00,1.05,125.63,-19.10,-4.28
0.24,-1.03,126.69,-18.96,-4.67
0.00,0.00,126.63,-19.03,-4.41
0.29,-0.46,126.67,-17.77,-5.93
0.78,-1.69,126.29,-17.71,-5.42
0.00,-0.65,126.06,-21.30,-4.21
-1.34,0.00,127.60,-21.19,-5.28
-1.32,0.62,128.88,-21.31,-5.85
-0.83,-0.77,130.28,-21.79,-5.88
-1.72,0.00,131.58,-18.87,-5.66
-1.38,-0.48,132.89,-18.81,-6.40
-0.84,0.00,134.22,-18.02,-6.22
-0.24,0.73,135.42,-16.69,-6.55
0.28,0.00,136.74,-16.82,-6.03
0.78,0.00,137.96,-17.02,-5.72
1.03,0.00,138.43,-18.14,-5.83
0.19,0.48,138.43,-19.08,-5.92
0.88,0.00,139.71,-18.99,-5.62
-0.75,-0.56,140.62,-19.33,-4.98
0.00,1.04,141.67,-15.74,-5.70
0.23,-0.84,142.42,-15.61,-5.78
0.00,0.00,143.38,-15.57,-5.85
0.48,0.00,144.13,-14.88,-4.96
0.49,0.00,145.25,-16.08,-4.60
-0.29,0.42,146.44,-17.66,-5.95
1.69,-0.40,147.37,-17.22,-6.36
-0.14,0.00,148.44,-17.22,-6.19
0.27,0.00,149.42,-15.39,-5.80
-0.13,0.00,149.99,-15.57,-3.96
0.23,-0.48,149.50,-14.31,-3.51
0.19,0.00,149.22,-14.32,-3.46
0.00,0.00,148.85,-14.02,-3.08
-0.34,0.00,148.69,-13.01,-2.63
-0.39,0.00,149.73,-10.72,-2.33
0.00,-0.42,150.22,-8.19,-1.45
-0.12,0.00,150.22,-8.10,-1.42
-0.33,0.00,149.57,-6.75,-1.27
-0.46,0.00,148.50,-5.16,-0.85
0.00,0.00,147.39,-4.64,-1.14
0.00,0.00,146.17,-3.79,-0.81
0.00,-0.67,144.78,-3.38,-0.92
0.00,-0.47,143.57,-3.68,-1.36
0.00,0.00,142.54,-3.88,-1.34
0.20,-0.67,142.55,-3.57,-1.32
0.00,0.00,143.43,-3.45,-1.14
0.37,0.69,144.38,-3.56,-1.36
0.00,0.53,145.36,-3.44,-1.11
0.11,0.00,146.22,-3.46,-0.65
0.00,0.00,147.13,-3.74,0.03
0.28,0.00,148.27,-3.52,0.24
-0.11,0.00,149.90,-4.86,0.49
0.30,0.89,151.43,-4.02,-0.23
-0.43,1.00,153.02,-4.16,-0.13
-0.45,0.00,154.74,-3.45,0.53
0.13,-0.79,156.49,-1.41,2.52
0.30,0.00,158.16,-1.45,2.30
0.29,0.00,159.74,-3.02,4.75
-0.42,0.90,161.23,-3.89,4.88
-0.30,-0.50,162.62,-3.77,4.91
0.00,0.74,163.76,-3.26,5.72
0.26,0.00,164.71,-3.39,5.70
-0.11,-0.51,165.26,-4.23,5.28
-0.40,0.00,165.67,-4.21,4.74
-0.46,0.77,166.41,-1.80,2.32
0.24,0.50,167.51,-1.72,2.24
-0.72,0.90,168.94,-1.64,1.51
0.54,0.00,170.59,-1.56,0.94
0.00,-0.63,172.29,-1.88,1.18
0.24,0.00,174.02,-1.83,1.94
0.20,0.00,175.71,-2.81,1.87
0.29,0.39,175.75,-3.31,2.41
0.48,0.00,175.89,-3.40,1.58
0.22,0.00,176.03,-5.17,2.63
0.84,0.00,176.01,-6.34,4.90
-0.49,-0.36,176.10,-7.78,5.63
-0.46,-0.75,175.78,-4.62,7.96
0.10,0.00,175.56,-4.73,7.94
-0.57,-0.51,174.71,-4.82,10.99
0.19,0.56,174.04,-2.99,10.68
0.00,1.02,173.01,-2.56,11.00
0.33,0.00,172.00,-1.66,12.15
-0.24,0.00,170.92,-2.77,9.81
0.53,0.45,169.83,-1.96,8.99
0.00,0.00,168.65,-1.99,9.16
-0.53,-0.67,167.51,-2.12,8.24
0.00,0.00,166.59,-0.14,5.33
-0.39,-0.80,165.49,0.48,6.24
0.00,0.43,164.53,0.44,5.48
0.33,0.00,163.76,-0.40,4.72
-0.57,1.00,163.17,-1.92,3.27
-0.35,0.00,162.75,-1.59,2.96
0.11,0.47,162.50,0.17,3.74
-0.15,0.00,162.62,0.08,3.88
-0.48,0.49,163.03,0.58,3.20
-0.18,-0.77,163.71,1.04,4.18
0.12,0.00,164.25,0.80,3.72
-0.32,0.40,164.61,-0.03,2.99
0.00,-0.74,164.92,0.17,2.69
0.00,0.00,165.09,0.29,3.10
0.37,0.00,165.34,0.70,3.20
-0.62,0.74,165.49,-0.04,3.05
-0.14,0.00,165.57,0.11,2.94
-0.27,-0.65,165.38,1.04,1.15
0.00,0.00,164.96,1.12,1.17
0.49,0.00,164.02,1.06,0.29
-0.60,0.38,163.15,-0.69,0.95
-0.89,0.50,162.58,-0.65,0.66
-0.41,-0.38,162.15,-1.46,1.38
0.45,-0.77,163.03,0.51,4.69
0.13,0.57,164.81,0.32,4.63
0.32,-0.66,166.39,0.04,4.37
0.58,0.41,167.70,-1.84,5.03
-0.93,0.00,168.69,-1.80,4.36
-0.14,0.46,169.63,-1.60,4.68
0.35,0.00,170.35,-1.60,4.30
0.10,0.00,170.86,-3.35,5.66
0.19,-0.65,171.20,-3.25,5.63
-0.39,0.48,171.19,-3.08,6.22
-0.16,0.00,170.86,-3.10,6.57
0.21,0.00,170.15,-2.18,5.80
-0.17,-0.37,169.19,-2.92,4.43
0.00,0.48,167.71,-2.67,4.82
0.00,-0.68,166.43,-2.74,4.36
0.00,0.76,165.29,-2.77,4.38
-0.12,0.51,164.17,-3.00,4.41
-0.39,0.00,163.13,-2.84,4.45
0.00,0.00,162.10,-1.33,4.65
-0.26,0.73,161.40,-1.49,4.96
0.24,0.42,160.99,-1.21,4.93
0.57,0.71,161.71,-0.95,5.40
-0.15,-0.49,162.87,-0.84,4.04
0.12,0.00,163.84,-0.96,4.40
-0.31,0.00,164.71,-1.39,2.77
-0.49,0.00,165.55,0.43,4.21
0.00,0.00,166.78,2.97,1.83
-0.26,0.00,168.05,2.37,1.04
-0.39,0.00,168.50,3.82,-0.01
-0.80,0.00,168.50,5.45,-0.24
0.00,-0.39,167.80,9.27,0.37
0.11,0.36,166.89,9.14,0.83
0.00,0.00,165.66,8.22,0.29
0.43,0.00,164.74,7.42,1.15
-0.19,-0.92,163.91,4.19,2.32
-0.31,0.00,163.04,4.34,2.51
-0.24,0.00,162.07,5.32,0.50
-0.14,0.00,161.57,6.30,0.50
0.00,0.00,161.53,6.28,1.98
-0.51,0.46,161.53,6.28,2.24
0.36,0.00,161.37,6.12,2.58
-0.15,0.00,161.41,3.69,2.97
0.00,-0.68,161.46,3.97,1.72
-0.21,0.00,161.54,3.43,2.67
-0.42,0.00,161.65,4.15,1.77
0.00,0.00,161.82,5.44,1.18
0.00,0.00,162.31,4.88,1.26
0.00,0.00,163.08,4.67,1.53
0.31,0.00,164.21,4.49,1.55
-0.39,0.00,165.34,3.17,2.66
0.00,0.89,166.33,4.82,4.89
-0.32,0.00,167.19,4.85,4.71
0.00,0.72,167.87,5.73,5.43
-0.32,0.39,168.40,5.57,5.67
-0.23,0.00,168.71,5.45,5.63
-0.41,0.00,168.74,6.10,6.96
0.00,0.00,168.61,7.47,7.59
-0.25,0.00,168.13,6.70,7.46
-0.12,0.00,167.61,7.27,7.87
0.23,0.00,167.06,7.07,7.98
0.00,0.00,166.68,5.18,8.29
0.00,0.00,166.16,4.76,9.22
0.00,0.00,165.81,4.57,10.04
0.00,0.00,165.64,4.21,10.76
0.18,0.66,165.41,4.14,12.26
0.13,-0.47,164.72,4.44,13.31
0.32,1.03,163.75,4.40,13.66
0.00,-0.43,162.64,4.15,13.23
0.26,0.00,161.46,4.37,13.35
0.00,0.00,160.06,2.53,12.79
0.00,0.00,159.38,2.00,13.43
-0.69,-0.83,159.02,1.21,14.09
-0.25,0.00,158.99,3.58,12.84
0.00,0.00,158.94,4.75,10.10
-0.37,0.00,158.75,4.49,8.91
0.00,0.00,158.41,5.10,8.09
0.29,0.00,158.41,4.45,8.39
0.22,0.70,158.47,3.25,8.55
0.22,0.00,158.45,3.22,8.13
-0.30,0.43,158.21,2.33,8.62
-0.34,0.00,158.22,2.30,8.21
0.19,0.00,158.22,3.89,6.91
0.00,0.00,158.01,2.72,5.52
0.00,0.81,157.63,2.77,4.71
-0.16,0.00,157.23,2.54,4.36
-0.16,-0.48,156.80,3.02,4.41
-0.28,0.00,156.22,2.93,4.24
0.11,0.74,155.52,3.17,5.35
0.12,0.00,154.71,3.30,5.39
0.00,0.00,153.86,2.63,6.07
-0.48,0.00,152.84,2.48,6.71
0.00,0.00,151.75,4.83,6.20
0.25,-0.52,150.68,3.93,6.99
-0.23,0.00,149.71,3.65,7.05
0.36,0.00,148.91,4.04,7.14
0.00,0.00,148.55,2.79,6.66
0.12,0.00,148.29,2.94,6.27
-0.11,-0.44,147.81,2.17,3.05
-0.12,0.00,147.45,2.30,4.08
0.26,0.00,146.74,2.54,2.66
0.19,0.00,145.96,1.06,1.73
0.00,0.00,145.25,-0.35,-0.35
0.00,0.00,144.54,-0.37,-1.11
0.19,0.69,143.59,-0.80,-2.40
-0.18,0.00,142.56,-0.53,-1.96
0.17,0.40,141.56,-0.01,-0.76
0.32,0.00,140.54,-0.13,-0.91
0.00,0.39,139.13,-1.44,-0.94
0.00,-0.52,137.79,-1.42,-1.09
0.00,0.00,136.44,-1.28,-0.81
0.00,0.00,135.36,-1.68,-0.86
-0.48,0.00,134.45,-1.51,0.01
0.00,-0.70,134.08,0.64,-0.11
-0.32,0.61,133.88,0.90,-0.10
-0.23,0.00,133.86,0.77,0.94
0.00,1.00,134.37,0.92,0.70
-0.20,0.00,134.96,0.98,0.15
0.17,0.00,135.48,2.13,3.31
0.00,0.00,136.03,1.39,3.33
0.39,-0.68,136.27,1.21,3.68
-0.21,0.00,136.74,1.13,3.55
-0.76,0.79,136.94,2.29,5.02
0.20,0.41,136.99,2.55,4.88
-0.26,1.00,136.88,2.17,4.94
0.62,1.00,136.57,2.30,6.04
0.00,0.00,136.40,2.10,6.10
0.79,0.00,136.34,1.83,7.17
-0.25,0.00,136.17,-1.27,6.23
0.27,0.00,135.92,-0.09,5.25
0.64,1.00,135.73,-1.84,4.51
-0.67,1.00,135.75,-1.96,3.70
-0.12,1.00,135.72,-1.64,4.21
-0.39,0.00,135.57,-1.41,4.11
0.46,0.00,135.45,0.86,5.41
0.37,-0.76,135.47,0.55,5.02
0.73,-0.76,135.56,0.59,5.01
0.00,-0.63,135.75,-1.84,5.35
-0.69,0.57,135.91,-1.83,6.10
0.19,0.00,135.85,-2.29,6.15
0.00,0.00,135.27,-3.01,6.99
0.30,0.00,134.58,-2.32,5.16
0.21,0.00,133.61,-3.80,4.50
0.53,0.00,132.54,-4.50,4.93
0.26,-0.68,131.54,-5.80,4.01
0.39,0.83,130.39,-5.61,4.01
0.00,0.39,129.51,-5.67,3.76
-0.19,0.88,128.54,-5.81,3.50
-0.33,0.37,128.19,-5.87,3.37
0.00,0.00,128.18,-5.33,2.72
0.19,0.00,128.82,-4.99,0.49
-0.75,0.42,128.73,-5.68,-1.37
-0.10,0.49,129.47,-5.75,-1.76
0.00,0.00,130.34,-5.83,-2.60
0.29,1.00,131.12,-5.72,-1.96
0.30,0.00,132.08,-5.80,-1.46
-0.28,0.50,132.75,-7.04,0.28
0.00,-0.55,133.72,-7.02,0.45
0.00,0.80,134.54,-6.97,0.23
-0.45,0.00,135.02,-6.81,0.05
-0.50,0.59,135.53,-4.42,2.42
0.00,0.00,136.27,-4.86,1.45
0.35,-0.58,136.99,-4.76,0.41
0.26,0.00,137.66,-6.23,-2.50
1.16,-0.76,138.37,-7.35,-5.36
0.66,-0.85,138.91,-11.98,-4.96
-0.36,1.03,139.39,-13.53,-3.55
